76
190 621 272 619 231 548 307 546
261 619 343 617 296 547 372 545
331 618 414 615 361 545 437 543
402 616 485 614 426 543 502 541
474 614 556 612 492 541 568 539
545 612 628 610 557 539 633 537
617 610 700 608 623 538 699 535
688 608 772 606 689 536 765 534
760 606 844 604 755 534 832 532
833 605 917 602 821 532 898 530
905 603 989 600 887 530 965 528
978 601 1062 598 954 528 1031 526
1051 599 1135 597 1021 527 1098 524
141 709 230 706 190 621 272 619
218 707 308 705 261 619 343 617
296 705 386 703 331 618 414 615
374 703 464 701 402 616 485 614
452 701 543 699 474 614 556 612
530 699 622 697 545 612 628 610
609 697 701 695 617 610 700 608
688 695 780 693 688 608 772 606
767 693 859 691 760 606 844 604
847 691 939 689 833 605 917 602
926 689 1019 687 905 603 989 600
1006 687 1099 685 978 601 1062 598
1087 686 1180 683 1051 599 1135 597
306 423 369 421 331 379 390 377
360 421 423 419 382 377 441 375
414 420 477 417 433 375 492 373
469 418 532 415 483 374 542 372
523 416 587 413 534 372 593 370
578 414 642 412 585 370 644 368
633 412 697 410 636 368 696 366
688 410 752 408 688 366 747 364
743 408 807 406 739 364 798 362
798 406 863 404 790 363 850 360
854 404 918 402 842 361 902 359
909 402 974 400 893 359 953 357
965 400 1029 398 945 357 1005 355
276 475 344 472 306 423 369 421
334 473 402 470 360 421 423 419
393 471 461 468 414 420 477 417
452 469 520 466 469 418 532 415
511 467 579 464 523 416 587 413
570 465 639 462 578 414 642 412
629 463 698 460 633 412 697 410
689 461 758 458 688 410 752 408
748 459 817 456 743 408 807 406
808 457 877 454 798 406 863 404
868 454 937 452 854 404 918 402
928 452 997 450 909 402 974 400
988 450 1058 448 965 400 1029 398
359 333 413 331 378 301 429 299
406 331 460 329 422 299 473 297
453 329 507 327 466 297 517 295
500 327 554 325 510 295 562 293
547 326 601 323 555 294 606 292
594 324 648 322 599 292 650 290
641 322 695 320 643 290 695 288
688 320 743 318 688 288 739 286
735 318 790 316 732 286 784 284
782 316 837 314 776 285 828 283
830 314 885 312 821 283 873 281
877 312 932 310 866 281 917 279
925 311 980 308 910 279 962 277
378 301 429 299 395 272 443 270
422 299 473 297 437 270 485 268
466 297 517 295 478 269 527 267
510 295 562 293 520 267 568 265
555 294 606 292 562 265 610 263
599 292 650 290 603 264 652 262
643 290 695 288 645 262 694 260
688 288 739 286 687 260 736 258
732 286 784 284 729 258 778 256
776 285 828 283 771 257 820 255
821 283 873 281 813 255 862 253
